380677780555
380933664234
380507136622
380637886252
380635160939
380978869253
380991238150
380631209393
380663331577
380674350015
380677358007
380974151414
380679211929
380973090709
380937355151
380674065533
380677972546
380507873796
380662030653
380731834009
380937070757
380636414348
380504464465
380979415892
380676859582
380442323251
380934668227
380684861270
380935292018
380631237362
380672200334
380956319585
380638679053
380639596299
380638054558
380679477687
380954599595
380930147636
380934046348
380989604785
380632539404
380994997002
380936371519
380675203727
380671298904
380931237290
380662618642
380505376488
380634012895
380666251909
380000519598
380664124042
380639586995
380662522546
380633607280
380508841928
380689771581
380660283854
380673253955
380964148248
380634059862
380939867216
380976025400
380932063511
380983578520
380678241818
380639682971
380638497222
380503566395
380670003314
380951016603
380939079579
380937749115
380673405533
380503116961
380664572528
380676077182
380955920507
380973087511
380660845117
380934192800
380675014100
380986677836
380950026306
380676969961
380939092631
380632014892
380635135640
380985524951
380635625954
380993180296
380687636886
380972458038
380672471177
380934356917
380678590721
380936816193
380955045905
380662190193
380934021639
380956710322
380673284890
380674667530
380968926035
380971106556
380689009007
380678273885
380930106633
380638108609
380668891688
380673402626
380939745274
380965560837
380938148508
380976848440
380669321922
380636432321
380503877891
380674655909
380638118886
380954814134
380964325117
380988778822
380639245830
380936738376
380936461741
380932374859
380634560122
380937191571
380931431710
380976344234
380672268322
380937412626
380971608137
380507451567
380680925859
380975326447
380936049621
380677870575
380633762198
380734927909
380636781485
380634394105
380993871260
380639769464
380934060296
380664551088
380672327838
380636863333
380636035699
380933483131
380637623523
380503116151
380675955643
380935869294
380994309275
380933390308
380961251302
380637416149
380739868989
380674195044
380999700334
380673979577
380687747861
380677389742
380939758177
380971338527
380731020215
380937566884
380662453485
380068996441
380634852169
380634720926
380675220733
380635845849
380967837900
380503599005
380973030188
380939045954
380995481408
380506119823
380683861222
380509205155
380976394525
380939665192
380676260075
380934796177
380975281778
380631139485
380993132588
380509398585
380950656351
380964988861
380933902573
380963084520
380974207373
380939084265
380632708030
380631247815
380636430837
380503183405
380932613086
380678876010
380686920065
380673738233
380734187974
380953681255
380676767303
380950073799
380939033795
380935768656
380634537285
380955789824
380952126655
380961081719
380636211061
380992906331
380977604713
380502741995
380731440279
380630679988
380675625356
380979646110
380973571090
380936720333
380730464741
380954427167
380677589873
380976915115
380672208163
380688614460
380968614270
380733037733
380968960896
380507743940
380969330509
380934006717
380507635081
380631140083
380638679606
380634093279
380979982724
380997407033
380681245242
380930511202
380937866470
380977719941
380698598248
380678934307
380682908755
380931521781
380939145242
380962151661
380933766202
380930529490
380635178135
380668609694
380936434878
380930188842
380672091034
380503303337
380999063840
380673937537
380667072100
380961119935
380933914245
380930000534
380954245994
380631086494
380635959518
380800300193
380634021693
380504132356
380634027324
380631882399
380977660473
380980884552
380975985860
380630604374
380961181874
380983503883
380636164526
380639482166
380933928526
380664138651
380675050907
380932441022
380997955743
380674058931
380934214908
380000457045
380730606859
380965641410
380631489024
380501054239
380637745083
380663788475
380937155160
380676381313
380930961965
380632141761
380633195910
380982858602
380683768151
380680903116
380930787418
380987757557
380936233900
380632586063
380960811811
380502688697
380990037008
380968776580
380635515045
380980601819
380505145741
380506360964
380939138486
380684146078
380678253333
380951090460
380664538348
380974023619
380660196846
380996060771
380934043503
380930289271
380934452926
380671761313
380660568903
380935003888
380673627272
380936976545
380500770770
380636099791
380967703507
380731639683
380661940507
380974445690
380975878791
380938789637
380508210152
380638074551
380934003065
380671468786
380664422141
380935842237
380730470996
380660347126
380507646444
380683809680
380672392574
380937674290
380934451339
380631832350
380638151302
380970862209
380968000596
380934646147
380672165195
380636337339
380638875709
380683810216
380952117255
380667410109
380682818412
380634338839
380950736452
380506797080
380635419953
380635610003
380502392109
380093773277
380731575335
380955092929
380636742478
380634360322
380679696200
380730804471
380981905520
380660106091
380501908897
380634438865
380503837802
380674757019
380674627300
380669289788
380934091086
380673363636
380730003636
380971521503
380504483086
380686122424
380679592366
380931494176
380675103837
380938573417
380000038614
380637137744
380631309551
380673858360
380970060706
380992571490
380955725577
380668267529
380984676517
380660540241
380507376146
380990882637
380632988122
380976682624
380990642197
380682713138
380675052050
380730101010
380503517868
380983188070
380960757916
380958607198
380507099999
380982858620
380988838593
380936733423
380671114975
380671503513
380960922121
380668938518
380999531204
380631177772
380979954386
380505984207
380934941516
380958388687
380733152469
380634203656
380637590620
380660116315
380952174315
380636233746
380937577577
380686768206
380970898913
380638863643
380674620533
380997041370
380631548709
380962625388
380635359896
380662899991
380685773943
380631443927
380676766902
380634695777
380975103837
380958327365
380932520347
380673241209
380638651987
380958193484
380668026513
380635982552
380734422956
380679828248
380980289002
380669017111
380636255109
380990592670
380951537473
380633272915
380668891442
380952806478
380501912313
380506480787
380983050222
380990451372
380638563462
380673327686
380500546802
380976754381
380664078881
380931125659
380631143021
380992747570
380937550670
380504178444
380990333105
380637088635
380730830935
380674063837
380639139999
380630646687
380937405528
380633063245
380507137919
380939898215
380977925792
380939044028
380637337392
380630339675
380731088820
380954469846
380632660130
380955305969
380983333131
380930607106
380961212161
380445409604
380733608484
380633890764
380999820067
380981111313
380688555746
380934508758
380978891087
380509526137
380682702890
380963619709
380677935055
380635616716
380997640763
380508664701
380639920875
380634287660
380674143556
380509058893
380634954678
380632332662
380672345778
380956834735
380980767610
380672365161
380632004809
380677436526
380937192244
380982767541
380963833536
380668107737
380687623001
380985359777
380957290681
380633976050
380667125945
380505713806
380508647515
380999852732
380678147147
380630762614
380934686717
380503179337
380981052280
380638748494
380963395663
380963414550
380632385070
380673626332
380502474063
380932826117
380980277463
380967066006
380637702343
380963724517
380689459455
380930580357
380939634973
380504124002
380730198068
380687256828
380931580215
380503858022
380990177799
380982946757
380674020535
380675832954
380677886888
380991527632
380673877720
380990968144
380633035073
380509671316
380636623898
380639710213
380963510047
380637340698
380977085098
380680398980
380937621073
380636674559
380975193174
380686289051
380994436241
380508800670
380967647160
380972796522
380939570784
380936722201
380953859775
380970993989
380969213685
380983063333
380935736243
380979545393
380979095627
380936648241
380663090373
380664165347
380664756798
380673002722
380669534391
380674064445
380936984078
380676911208
380632115331
380956314875
380635113521
380631246166
380503860998
380930919904
380639093152
380503528402
380996720797
380972648462
380639717320
380503905983
380681485373
380953882214
380639524022
380661290318
380985577455
380969874245
380957714539
380933156025
380663438275
380664715751
380098120164
380096180041
380983788787
380997967795
380963556317
380930027737
380676504065
380679975081
380504737800
380981194578
380663270815
380509809640
380981144681
380635486985
380982775393
380674400178
380937740181
380670107510
380980171919
380506938830
380674077407
380931998851
380687527760
380981759360
380973039328
380679835067
380638748869
380637907717
380663916443
380637391749
380637653325
380672455742
380993088801
380634001689
380933894459
380674650078
380958602780
380500265006
380507869368
380935580447
380637699571
380660014542
380936463409
380639568494
380634556647
380974788230
380965881283
380930243960
380963998832
380935885888
380974084101
380997616664
380936222074
380675065288
380678030101
380001344096
380508128128
380963399054
380509264500
380953631405
380678008899
380637293533
380982579253
380631422270
380985635704
380000250000
380636071127
380674603772
380974055135
380967735259
380633373808
380992288083
380662554812
380688483115
380952548961
380689838371
380681583838
380979747262
380677101938
380979050066
380968029635
380985267276
380632474649
380505415141
380505769157
380661181617
380985773567
380932230137
380635418189
380632885714
380972263927
380951860278
380995460623
380637401155
380633252414
380679996919
380688996628
380950843413
380504162455
380637112076
380986647917
380637023775
380950453655
380682094349
380931526565
380977585253
380733203147
380678613218
380504250905
380938750051
380686201020
380981201643
380730345911
380509537733
380674659967
380989338911
380937102753
380967251144
380984548458
380933620200
380636270130
380501562159
380676410100
380631544879
380977993989
380635920928
380686761355
380683278121
380934021693
380739271210
380502294623
380970526467
380687896746
380933007767
380444995177
380936153713
380986997263
380506141606
380632200440
380632841303
380932786451
380660507778
380675020650
380955490390
380930293267
380951070860
380936153508
380993118415
380935809617
380935632040
380967100676
380976967746
380503845456
380663439610
380678632612
380931392107
380735682703
380677661638
380671339494
380734099008
380500684952
380509278395
380684733737
380660679430
380983332414
380677716161
380963773333
380667052879
380505696809
380955941959
380673517373
380638655585
380930455151
380975744205
380635331344
380976990675
380500100054
380689307675
380504414642
380977458373
380931385271
380667016889
380675220333
380737137303
380957434246
380973995617
380960107778
380508887091
380964816096
380506953633
380987973064
380632636935
380631987819
380930779804
380677008058
380678190916
380932115331
380966676911
380731001609
380632636948
380970316687
380931418052
380936766962
380986836181
380634153386
380666150199
380999420502
380632846204
380689319967
380996596318
380504449353
380631916951
380972077390
380638298988
380936499832
380637043865
380971323245
380931071007
380503303132
380639420268
380999075484
380931680406
380677675534
380686879442
380663807383
380674833005
380938335262
380936536434
380639891065
380935918059
380684031315
380637421302
380634587520
380636880917
380976885913
380983048427
380503788998
380631010150
380665786788
380503312396
380500823954
380504255744
380953352573
380672318925
380985969134
380671701071
380994564037
380507239491
380678254470
380930959552
380930298299
380939840445
380683564040
380636584288
380502538694
380977514367
380504153204
380634535447
380955528431
380633574764
380962981310
380937769608
380938222392
380637923022
380731060695
380503822993
380996553783
380636258151
380665625604
380684774811
380978129240
380685544212
380953674336
380931045502
380934052498
380981161311
380991455087
380978233520
380935690879
380675750195
380992165673
380934612073
380637721079
380734016407
380686770718
380674222316
380639649495
380685550308
380957260999
380987758883
380953546868
380634720168
380634884128
380964026655
380979172595
380734241111
380502632985
380936233990
380503771739
380637706548
380503515868
380503133399
380639685562
380980277785
380632218389
380930762359
380664954090
380973377195
380504488460
380987651142
380634911043
380979778345
380680152945
380991101180
380975464511
380506149937
380684564948
380974152500
380980295872
380737000702
380673130646
380632598833
380930795240
380688483379
380689775906
380971170671
380963224830
380660901847
380502018452
380954298272
380637110197
380676741646
380963518773
380674022789
380670107188
380672206199
380674402444
380938766305
380934879533
380637030195
380688636998
380951050393
380674687188
380665213417
380635027819
380994638160
380674333338
380982137052
380976166095
380630492622
380961504449
380678895994
380632113979
380931522330
380503154411
380958254463
380977550330
380980998905
380673483202
380631080808
380982112109
380931918481
380508883444
380972871746
380501916610
380688887091
380633774127
380638776242
380971221717
380962774258
380987773554
380672476595
380993072328
380502007703
380674024750
380689981202
380507180670
380506594580
380951700860
380677307975
380968368888
380631777785
380931840025
380504112036
380506106778
380503902030
380509129659
380664288425
